SAMPLES:	3979
BITSPERSAMPLE:	16
CHANNELS:	1
SAMPLERATE:	16000
NORMALIZED:	FALSE
-4261
-3494
-3379
-2594
-3175
-1054
-503
95
1440
445
2083
2835
4263
4613
4788
5781
6302
5995
5781
5911
5738
6184
5713
5484
4804
5171
6549
5386
5357
6196
6049
7355
7833
8239
8153
7601
7948
6434
6105
6452
6491
4812
3319
3773
2584
2357
1111
395
-238
-936
-436
-935
-1368
-2040
-1599
-2296
-3528
-3075
-3928
-5432
-5374
-6237
-6798
-6544
-6407
-7578
-8721
-10128
-11282
-11502
-11006
-10659
-11217
-11695
-10994
-10779
-10645
-10205
-9245
-9056
-9147
-7430
-6888
-6298
-5370
-4626
-4246
-3528
-2513
-558
-209
317
1252
1510
2670
4656
4806
4661
5504
6299
6717
7100
8006
7749
8587
9659
10271
11383
10877
11016
11498
11281
11876
12250
12254
13042
12733
12013
10826
10524
9874
8180
7187
7379
6316
5654
4890
3371
3063
2084
1386
-11
-733
-43
-1025
-1252
-1118
-1992
-3156
-4542
-5838
-5471
-6543
-8166
-8758
-9318
-9441
-10439
-10736
-11325
-11760
-12543
-12255
-12363
-12381
-12136
-13100
-12419
-12218
-12038
-10959
-10686
-9668
-9669
-9041
-8180
-8260
-7590
-6942
-6564
-5730
-4444
-3285
-2848
-2328
-1451
-661
353
1411
1459
2429
2446
3980
5596
6963
7505
8256
8697
8754
9807
10271
11292
9658
9887
10318
10600
9991
8844
9235
10263
10890
10651
10642
10354
10544
11207
11631
11108
10041
8865
8297
8964
8176
7013
5351
5040
5113
3830
2432
891
242
-647
-628
-834
-1369
-1693
-1368
-1450
-2471
-3662
-4468
-3963
-4639
-5773
-6548
-6771
-7032
-7994
-8842
-9598
-9947
-10188
-10604
-10877
-10975
-11707
-12511
-12023
-11983
-11847
-11937
-12311
-11943
-11502
-11324
-11157
-10469
-10200
-9688
-8059
-6904
-6173
-5738
-4498
-3440
-2677
-1197
71
1044
2150
3252
4959
5678
5549
6304
7447
9174
8692
8449
9577
10698
11162
10313
10213
11814
12236
12174
11435
10943
10383
10770
12434
12551
9198
8670
11024
10469
7855
5709
6952
7238
6049
4196
5548
5389
3482
1979
2742
1596
-391
-1633
-2391
-2138
-2693
-3197
-3117
-3111
-3349
-3852
-3897
-3791
-4702
-6170
-6949
-6775
-5946
-6655
-8000
-7829
-7473
-8022
-9044
-9406
-10039
-10473
-9871
-10181
-10961
-10873
-10435
-8738
-9057
-9780
-9882
-8152
-8086
-8066
-7496
-6078
-5440
-5138
-3909
-3530
-1987
-1648
-1238
-331
996
1324
2205
3173
3609
4036
5242
7392
6305
5787
7768
9202
9772
9060
9019
9705
9767
9036
8878
9846
8701
8320
9018
9552
9279
9077
8658
7775
8813
8101
8189
5773
6547
6928
5400
5224
2586
4716
3221
1611
-755
-311
-41
-1831
-3074
-4038
-3817
-4252
-4378
-4238
-4514
-3721
-4308
-3525
-4237
-4429
-4812
-5464
-5171
-5661
-5556
-6199
-6281
-6328
-5831
-6406
-6125
-6130
-6375
-6790
-7011
-6530
-6943
-6849
-6997
-6927
-6361
-6672
-5501
-5488
-5250
-4427
-4480
-3625
-3426
-3586
-2151
-1246
-1304
-318
112
796
1312
2087
3331
3330
3821
4003
5400
5211
6052
5670
6287
8475
8409
9314
6785
8453
8689
8883
6694
6000
6629
8652
5057
3405
6724
7359
5977
5066
5072
4717
5702
2648
1294
3051
804
1292
1892
1289
253
671
458
-2661
-536
-2283
-2542
-2065
-1878
-3148
-2507
-1820
-2550
-2269
-2276
-4604
-3676
-4143
-4206
-4355
-4682
-5436
-4800
-3531
-4141
-4285
-4252
-2436
-2701
-3830
-3059
-2312
-2667
-3093
-4785
-4863
-4756
-5756
-6205
-5939
-4616
-4381
-3690
-4122
-4056
-3558
-3375
-3571
-4161
-4183
-4276
-3470
-3102
-2461
-1684
-721
-103
-292
230
2530
2509
360
2174
4036
4737
4297
4664
5061
5876
5665
3656
3793
5362
6056
4055
2666
5581
4444
6086
2886
5061
5434
4019
5539
4618
7109
3750
4641
4725
4766
4384
3092
2518
1709
3221
3643
99
1729
3682
3482
1141
2204
87
1354
1461
864
1076
1246
618
1873
1250
90
-473
403
744
-288
-83
691
-845
-1916
-1920
-2638
-4076
-3372
-3550
-4138
-2282
-2851
-2812
-3735
-3313
-4385
-5218
-5057
-5661
-5888
-6694
-5816
-5096
-4904
-5917
-5727
-6167
-6001
-6113
-6703
-7675
-7542
-7415
-7005
-5641
-5615
-4189
-3288
-935
1091
-1265
989
1833
314
1243
-338
1995
1681
1051
-217
3522
3016
436
4919
3031
2179
5516
3508
5079
3503
3908
4535
3568
4060
4786
3105
138
7760
4495
4680
2458
3340
5408
5153
478
4178
3759
3867
1404
3253
966
4412
2560
2226
3192
1515
1989
2186
1319
1181
2603
2335
3071
1250
2680
2898
2095
248
810
344
-575
-1640
-767
-2127
-2120
-1825
-987
-1343
-953
-2309
-2251
-3888
-3388
-2925
-5747
-6488
-4902
-4200
-5295
-4591
-4538
-3830
-4448
-4362
-5257
-4345
-4785
-5531
-5904
-4715
-3792
-3178
-4367
-2773
220
-524
-2050
464
3431
559
611
-1910
4891
4600
1084
-355
4006
7082
-564
1261
4161
2871
4220
1307
4247
3194
5141
3881
4770
4106
1084
4146
3094
3372
2004
1297
1353
918
3361
86
1818
1657
3868
1073
570
2758
1361
505
125
-1792
-2405
-1209
541
-1661
-2973
-2537
104
462
-1196
-2405
-3333
11
-2145
-1906
-3033
-1268
-2054
-891
-1191
-1156
-1512
-2371
-2101
-1654
-2654
-1923
-1810
-1653
-2894
-2397
-2961
-2688
-3626
-4262
-5206
-4370
-3848
-4173
-4469
-5147
-3978
-3507
-3465
-2710
-2206
-1809
-1299
-306
-2202
-982
987
-1761
200
-1886
6022
733
1659
1292
6473
5288
2688
3041
6676
9345
1960
6064
7473
6574
6282
3904
5776
5957
7082
2404
5326
7768
4877
3998
2851
9589
6353
3769
-1149
7378
5206
1843
-474
4493
2567
-29
784
3714
899
1146
-1075
708
1066
-984
-2181
-2930
-1506
-905
-1055
-4897
-2393
-1898
-561
-4302
-1879
-3856
-4345
-4977
-1413
-4500
-6423
-5781
-4271
-4484
-5452
-6933
-5089
-5124
-5863
-5372
-4312
-5245
-7139
-6815
-6163
-6976
-7328
-6667
-7676
-6181
-6745
-5050
-4759
-2138
-3877
-2725
-1722
-758
-2178
-2570
-3664
-2169
1646
-3046
914
-93
1782
4663
4497
1122
4469
6046
719
7991
7162
1146
7866
4707
8861
10280
5242
5746
13002
9272
3797
8384
4599
7916
6787
381
7868
7483
4787
3182
6338
7038
4967
4743
-1674
8575
1656
1940
3733
1701
1347
3477
7757
-43
1821
1920
2526
3171
-2633
-2852
-1465
-1541
-6739
-1596
-3010
-3832
-3615
-3411
-757
-3763
-5538
-5405
-3753
-4475
-5173
-5995
-5966
-5940
-7473
-7358
-6286
-6144
-5476
-5914
-5609
-6603
-4971
-5790
-6382
-5779
-7184
-6149
-5620
-5831
-7919
-5880
-3984
-3485
-5366
-4887
-3360
-1921
-2150
-5626
-2668
-853
-770
24
596
1478
3735
4637
1362
6479
1456
1903
9066
3855
4167
4008
7810
8838
8970
5061
5186
12186
6369
8243
3892
6218
8460
5111
5271
3022
9292
5632
6192
6628
6723
10552
2978
4508
3569
5039
2577
2885
-534
175
5882
4788
-366
311
1494
3784
517
-2224
-1829
597
-4534
-2168
844
-1463
-5459
-6693
-2958
1427
-5881
-6127
-5657
-3638
-3152
-4066
-6845
-6862
-5892
-4436
-4971
-6278
-6580
-4428
-4113
-7254
-6377
-3557
-4740
-7327
-7539
-6083
-4833
-5818
-7527
-8625
-5525
-3017
-4283
-6842
-4727
-1742
-1583
-3960
-5605
-1542
-3428
-833
-4101
-1065
1569
757
732
3678
7058
1247
6086
4454
6336
6193
8132
715
8909
7389
4151
10685
5410
4214
9883
8608
4237
5807
4223
6223
8728
3591
4522
8869
5328
5793
9038
5669
4744
3934
5627
5120
6008
-2002
5560
5649
-1815
3890
1782
-350
-901
4661
-2177
-1845
-2073
-2258
1459
-1968
-4198
-947
-2212
-3511
-1840
-3668
-3617
-1478
-5596
-3968
-2816
-2460
-2468
-6539
-5508
-1041
-4643
-5690
-4855
-3904
-5523
-2919
-4658
-2991
-4377
-3728
-5425
-4813
-6406
-7948
-6317
-8321
-5815
-8560
-5545
-6870
-3574
-5231
-5081
-5514
-4922
-4314
-6593
-4607
-5131
-5687
-3410
1656
-5197
-2465
-1536
3161
-98
177
1603
-279
5409
463
7552
2279
3273
6456
7555
6633
3447
6861
8255
6794
4763
12981
6506
5220
8330
13521
7086
8061
10837
6218
12619
8522
8254
7077
11395
4225
5507
12479
3541
6666
6966
7093
4945
3859
4585
571
9090
-2647
-3404
5535
-1575
-1093
-4274
-705
-4533
-1264
-5469
-6557
-3656
-5467
-6760
-8489
-4734
-5236
-6035
-8616
-7836
-5097
-8455
-6337
-8956
-6958
-9877
-6293
-6930
-7189
-10942
-8302
-7900
-10909
-9743
-9054
-7558
-8943
-6451
-6875
-6232
-6310
-6085
-4772
-2594
-5023
-4111
-4002
-3768
-2529
318
-4526
-4272
1203
4143
-1449
-2
3003
2891
7294
-2857
8336
4411
9750
5876
10878
9585
9778
13697
7046
7359
11052
10308
11448
5549
5157
14214
13871
1757
10279
7049
10089
8092
5978
7333
6971
7925
2137
10027
5068
6706
4785
3580
3717
5626
4292
-6510
819
3640
-1603
-2494
-7364
3566
-3889
-3186
-8940
-1806
-2881
-10929
-5601
-4749
-6610
-8223
-5617
-7741
-6434
-6439
-4972
-5960
-9075
-6488
-5855
-4493
-7169
-6953
-4068
-6262
-8599
-5758
-3901
-6915
-7217
-7351
-6740
-7195
-6885
-7896
-9483
-7012
-4916
-5456
-7466
-6963
-3238
-4181
-6850
-5363
1483
-3806
-4232
-962
2395
6385
-883
2844
3563
7667
4591
5129
6666
4055
11279
8975
10307
8342
11160
16657
10403
5615
12738
13744
5343
7588
7377
11578
11752
5438
4270
14971
7952
2497
11137
3572
5606
4805
4034
4073
4377
2349
-521
5697
-78
1064
1801
-4658
3905
-2635
-3258
-3862
-2457
-4417
-6493
-2915
-8593
-2810
-9022
-6265
-1264
-9511
-6198
-3974
-2862
-8375
-3351
-3293
-4226
-4993
-6528
-4744
-3518
-4697
-6831
-6439
-5729
-4448
-4297
-6598
-6338
-3579
-4694
-6965
-6774
-6830
-8042
-7282
-7271
-6437
-6360
-5990
-5246
-2191
-2968
-4792
-3525
-3930
-2834
-2667
2464
-2907
-327
4292
4719
4577
2131
5910
7240
6202
4823
6656
8037
2269
10397
7856
8809
10083
8729
8067
11245
9126
8555
9320
6896
10763
8485
5328
9749
10700
6598
1507
8883
7853
4100
3358
974
8347
144
3117
3326
3381
-3927
4089
-1236
1132
-4245
-5896
3704
-2300
-5085
-3444
-788
-5405
-7395
-1834
-5124
-6521
-8327
-6737
-613
-9258
-7787
-7287
-1940
-6233
-5084
-8275
-3392
-3726
-6920
-5460
-6361
-3107
-2499
-6105
-3772
-4041
-2114
-3261
-5576
-5513
-3446
-4706
-5006
-6482
-4797
-4093
-4006
-2550
-6751
-3679
-3513
-1822
-3389
-2439
-2137
-1841
-1118
-2187
-786
3654
-3359
367
7495
2231
4491
5738
2666
6819
9310
1329
3880
7917
5643
9172
4004
3956
8087
8822
6819
-262
14910
3613
4672
4779
8554
7758
4495
6835
5911
5398
11024
3346
5424
4113
8091
7329
3272
2473
4245
11980
-3049
1957
3173
3238
-5029
2632
1693
-4525
-3371
-1578
-351
-787
-7569
-2325
-3275
-6532
-1350
-2240
-5340
-7654
-6776
47
-3525
-6819
-6352
-6157
-3936
-6955
-6384
-7330
-4708
-6674
-4988
-5543
-3207
-4246
-5610
-5821
-3887
-3944
-5289
-8368
-5525
-6955
-4983
-7719
-7627
-5429
-6254
-4816
-6575
-3850
-5746
-2999
-3294
-594
-2055
-4084
578
3155
-506
-2629
2621
6143
-2688
4730
4424
5106
2456
5742
4501
9950
7592
2483
9448
5596
6151
8497
10850
-3608
8043
10252
3104
6199
7298
3364
8310
5381
6293
11021
3681
1330
10430
4913
4778
2891
6391
1222
3301
4755
7899
1664
-8353
9677
5315
2541
-5996
-2038
4820
1402
-3643
-6156
1299
-3949
-4616
-3347
-5933
817
-6717
-222
-5248
-240
-2457
-2309
-1811
-5226
-759
-5089
-72
-4547
-1698
-5595
-1327
-1185
-868
-2880
-4206
-2682
-3833
-4027
-5125
-6144
-7224
-6332
-3073
-4092
-6994
-8170
-3922
-3823
-6990
-8732
-7411
-3718
-3488
-5410
-6281
-3397
-1842
-358
-2689
-4744
221
3046
-1751
-1493
2687
4434
3899
1617
1866
7382
3083
3315
3516
1760
3975
7903
2586
4793
4265
9526
5841
-28
10300
4979
7488
704
10841
6254
3558
6976
5598
13941
1228
3591
7507
8032
2772
5867
3730
879
7013
3410
4383
-178
544
5152
3788
-925
-3387
2656
1868
512
-2589
-2828
-1137
-1177
-2922
-752
-6098
-5342
-471
-2977
-5478
-2322
-6038
-2645
-3227
-2451
-2713
-3762
-3279
-3309
-3261
-3925
-4438
-5513
-5273
-6619
-6957
-7290
-8451
-8381
-10355
-8171
-10412
-7148
-9107
-8368
-8909
-7227
-6271
-7814
-8169
-6714
-3478
-1870
-2935
-5881
2023
1712
623
1717
671
573
4027
5559
2656
3012
4372
6695
9864
6211
4681
9673
8960
7032
6096
7850
11621
7859
3890
7995
8688
8134
11385
1889
10351
6545
10985
7540
7805
4658
6419
8627
5069
393
6266
1807
2266
1386
1301
-1323
1541
2859
-3624
-850
200
-5162
-2836
-2764
-7722
-1845
-5519
-7243
-6678
-1434
-8102
-4885
-9546
-4696
-3713
-5551
-7651
-3602
-606
-6865
-7150
-1114
-2193
-2820
-4896
-2670
-754
-373
-1354
-3597
-1071
-721
-797
-3647
-2241
-3015
-1865
-3693
-3856
-3565
-2299
-3772
-3736
-3467
-3071
-2833
-3818
-5702
-3670
-1961
-612
-2866
-3294
-1826
7828
616
-1683
2992
2401
10292
2999
3399
-589
7751
7943
4319
298
7714
6221
6416
7278
2786
5089
9314
4599
798
2723
6513
5575
4038
2362
-1472
14610
4735
-2065
6144
3309
250
5426
4360
-7092
6324
4118
5775
-1487
-1081
9070
-3220
2862
-2583
1462
-3306
-326
-3413
-913
2112
-9912
-1693
1325
-4037
-3755
-997
-9273
61
2769
-5991
-4141
-4452
-725
-1022
-3783
-4383
-4060
1004
-1648
-3681
1292
590
-786
-372
-1599
-1729
-263
-4209
-4555
-5501
-2133
-1795
-8866
-6699
-6173
-3926
-8798
-7620
-9162
-6110
-7106
-7814
-7191
-5803
-4465
-7132
-4309
-4590
-1896
-4970
3426
-7733
2718
222
-19
5327
966
-841
5945
10552
848
4901
6688
10297
10979
1453
7389
7658
13649
1943
5166
4989
5824
6470
7329
2281
3219
13226
4092
9487
1996
7155
11244
15
5690
6860
12860
-326
9537
9533
1233
13036
-4466
5355
3396
2494
-6171
1970
2972
-2269
44
-3086
-4012
-290
-1441
-5878
-10922
399
-9433
-1977
-4722
-10589
-3004
-1248
-4723
-6925
-4654
-5950
-6805
-6542
-6468
-5170
-4262
-2815
-4717
-3217
-333
-1775
-3286
-6077
-2648
-5326
-3375
-7217
-8117
-6956
-6728
-7473
-6755
-8027
-8566
-6504
-6349
-6039
-6482
-6524
-6325
-4339
-2400
-4045
-5241
1976
-1286
2539
3441
3983
7813
-1001
7066
8868
10280
3710
3114
15800
9414
11739
10766
8313
8307
7458
12928
11407
1618
4571
12721
13791
6385
154
9765
14873
3274
-4218
8528
9805
5066
-7207
7206
6154
7964
3715
-8169
10916
7221
-4816
2197
756
-2446
246
-1099
-7513
5088
-516
-10606
-533
3054
-5782
-6173
-432
-9065
-1272
-5060
-9180
-2883
-5405
-5320
-4270
-3218
-7753
-5169
95
-4392
-8015
-6671
-2512
-2319
-3695
-9540
-2507
45
-3302
-3342
-6579
1897
-2044
-5870
-5613
-5369
-6265
-7916
-11743
-9121
-4476
-8519
-7827
-8104
-3691
-3429
-5047
-5762
-5860
-3875
-4642
-5874
-5841
-3435
4182
-2315
-1697
936
9234
8193
548
-1447
8436
8454
5555
4951
2583
10623
10307
12053
10066
9077
6749
12638
11605
1393
9717
11587
183
13216
12482
7322
13829
9307
10098
7031
8373
5413
10585
4213
-2689
7038
14841
1091
2177
3591
4334
3568
1754
674
-3856
-4844
2900
-3722
-579
-5258
-6074
-1705
-3141
-3556
-7088
-9152
-8955
-8134
-4687
-11022
-13702
-2295
-7479
-8476
-5243
-3020
-7563
-6466
-6113
-6548
-8562
-3424
-8043
-7794
-6071
-5208
-284
-4523
-6808
-3553
-1407
-3197
-4640
-6082
-4932
-5421
-4577
-5622
-6529
-3133
-2709
-3060
-3659
-4240
-2143
-1077
-4462
-3921
-6684
-1894
1435
-4748
1697
469
1244
9707
3522
918
10361
1822
8505
5381
3372
6880
7358
11280
6870
9328
14279
8152
14425
4698
8261
9917
1389
14161
-698
8656
6942
10273
5143
2955
8562
6947
908
5316
-1543
5549
2673
-1688
3416
5815
-2409
5120
188
-982
-1275
4519
-5656
-7639
2706
-3811
-2752
-4247
252
-4981
-49
-5440
-3289
-4126
-4341
-10179
-2813
-8485
-5730
-6427
-3713
-5737
-4919
-2868
-4775
-4897
-3521
-3195
-3088
-4021
-2091
-1024
-3975
-1400
-2662
3367
-1987
-2305
668
1912
-1041
-1172
-3454
-104
-2093
-1000
-1440
-2798
-795
-1705
-765
-3639
-4577
-3417
-3899
-5127
-5707
-4173
-4766
-4065
2306
-5907
11
3928
-2298
692
3878
700
-391
2624
-1905
4951
8890
-2927
4900
10219
-252
10387
5369
6396
4077
9408
2302
3679
12501
3174
908
6758
3238
6504
8020
758
6474
5277
6634
1186
5258
2600
1835
2841
3673
-2206
9857
611
-747
1737
740
3652
-6098
1805
-4738
3880
-1826
-4121
-5539
3170
-2416
-3529
-9224
-1692
-3930
-1602
-13591
-3777
-4579
-3120
-10854
-5083
-3314
-4631
-699
-6124
-4159
-215
-4875
-2166
-3208
-6200
-1299
-2565
-1309
-2690
2695
-1696
379
1078
1562
-1472
-390
-4624
707
-4029
-4040
-4848
-3401
-1986
-3253
-180
-1864
-3258
-2295
657
-3258
-4401
-651
-4073
528
1537
-7002
8818
-452
2878
1340
3759
4964
494
5334
-3109
8317
9023
412
5926
1223
13560
5223
6615
1383
8212
7022
-514
7607
7330
2682
3778
759
13912
2143
7889
-1483
4894
5107
5400
1472
-679
1000
7691
363
-222
2417
5885
696
-1552
-2096
3831
949
-8540
-1970
2092
-668
-4422
-2933
-1142
2706
-3539
-5266
-2772
-2189
-6939
925
-6747
-6699
-4942
-1148
-2761
-1758
-7780
-1410
-2791
-1598
-4296
-5940
-3944
-3878
-4052
-692
-5743
-2292
-4387
-2352
-1507
75
-4278
-4108
-1916
2499
-1275
-3527
-3077
64
-1698
-4862
-4637
-354
-4613
-7699
-5117
916
-2862
-6367
-2937
-677
-159
-4523
162
1459
-5735
2608
248
849
938
-1456
7876
2693
2384
3536
1164
7774
5162
4175
8144
500
9459
14079
2647
7870
4330
11796
5869
1751
11102
3377
10784
-3967
8180
13448
-1910
7533
-4022
9748
5935
-600
3738
2251
-234
-129
7982
386
-4412
3117
-4737
7564
-2471
-3022
-6115
-7
-1418
-7879
-1291
-3465
-11017
-426
-8418
-1444
-2628
-10808
-5019
-4905
-426
-6185
-10574
-2374
-6774
-1633
-10042
-5541
-2672
-8120
-5242
-4947
-1329
-4784
-5595
-1400
-1029
-2789
-2994
-985
146
-1702
-874
1384
2895
-1718
2705
1407
2161
3311
-587
3991
3370
2624
2671
3251
2944
2370
877
4026
3881
1698
512
3897
5552
5740
-220
4246
572
7036
2209
-1670
6926
-2339
9850
363
-2120
11186
-1902
6585
-1801
2310
2345
1222
6680
-5932
8103
-1034
1655
5626
-4621
3655
-465
5067
-1309
-3442
3837
-2555
358
-2966
-1969
-1545
4027
-5155
-8009
7562
-5782
-4949
-2305
-4617
-2394
-2783
-7139
-2131
1080
-5397
-6166
829
-234
38
-7271
199
-1809
1359
-1531
-4619
-2650
1464
-1584
-6203
-2144
-1986
-3384
-1104
-3264
-3277
657
-1934
515
1414
-7156
1608
3947
22
-595
-998
5947
723
3331
-883
2877
5392
-784
3813
276
3041
3304
5784
396
799
7397
749
1658
2324
3803
-1244
132
4266
-1467
393
-2930
-927
132
-840
-2628
-2490
1943
-1106
-3816
180
128
-2974
1419
-6459
2149
3790
-6927
854
-1711
1917
-869
-3818
4355
-2827
4032
-3663
2834
8665
-8954
7816
-5791
7698
-5960
1794
4138
-6546
8867
-6855
6598
528
-2620
8763
-9317
12659
-6803
7776
2491
-5450
8491
-5617
5455
-4129
-320
6421
-11124
8242
-4001
3138
1071
-6014
7195
-5931
1510
1499
-4852
2618
-4638
3644
-1145
-1534
-895
-5617
4139
-8882
197
1221
-7728
1183
-2778
3588
-2252
-1358
-2563
-4232
7560
-4886
-566
-1896
-1385
2082
-1976
106
-1417
373
-62
13
1773
-454
661
-1893
2880
2784
89
-1112
2435
-771
1031
2203
-881
-3534
-724
1922
2190
-4073
-1513
5034
855
-5973
5506
1657
-3613
1587
1363
955
315
-2306
1745
6427
-3185
-765
3374
-1815
3344
1834
-216
-106
-916
4034
175
380
-94
1159
958
-2420
6235
-2309
3683
-9547
3751
7561
-1882
-4052
-8862
12149
1145
-4405
-2654
925
7099
-8733
10205
-6302
6027
-163
-3469
-1621
6057
1413
-8775
1416
-2094
7085
-1417
-6970
3667
-2651
2229
-4687
3567
-5152
-5006
2152
-2250
1728
-7387
-1596
6381
-6437
-2579
1110
1456
-280
-6601
1278
1339
2025
673
-4493
6117
1412
-122
-47
-1963
3015
-2729
1242
-6954
5015
4067
-4203
2284
995
1733
2139
741
-447
1124
2891
-3459
58
-523
3971
1754
-8101
1091
2892
3783
-6376
-4052
-2362
-783
4747
-7982
-5280
3038
-3326
579
744
-6686
-2756
4859
-5438
-1235
-980
-2948
3308
2485
-8354
1674
13560
-3821
-5397
2873
5989
2103
-2172
210
-391
4065
128
1234
1898
1358
225
4760
5318
-6580
3697
4416
856
3634
-2425
111
6114
3337
-4656
1479
3458
859
1783
441
3958
1312
3534
-1388
2016
6182
-2139
2307
1755
3302
3586
-4858
2700
3969
-1474
-3210
1716
4195
-983
-6202
2084
1867
-3845
-3557
2280
-808
-6278
2275
-190
225
-3536
-6460
4910
-6957
-5315
-1658
-890
-4516
-2908
-1576
-1949
789
631
-2120
-3872
2427
479
-2596
-2400
-8280
4548
312
-7553
-6529
3770
348
-8697
3889
-8518
2572
-3426
-7225
1560
-6134
2181
-7646
5267
-4102
-4526
6378
-5473
-2589
1482
-3287
1637
-243
880
3465
-991
5951
-6058
11278
-3881
4222
4251
-8479
14920
-7935
11055
731
1334
2786
1809
8738
-6324
13100
-12440
12112
3310
-2059
6440
-96
9954
-2464
10086
-5157
9035
5130
-4911
9939
-3377
4664
-5349
7400
3064
-4179
-747
-25
5085
-1914
-82
-5901
3782
-2204
-2017
-3405
-358
-234
-6070
5386
-11571
2076
-1192
-6391
-6186
-4735
2066
-8556
-544
-8076
3115
-633
-7850
-2515
-1721
-138
-8458
-917
-1849
-119
-3237
-1575
3343
-5599
1407
-1223
-2677
-2125
706
-510
-3621
-114
-508
2076
-2084
-4887
5228
1270
-1989
-1009
1428
2328
-2153
-1976
844
698
-4377
1536
2585
-920
1623
6754
-2850
4998
357
5197
6297
-2110
7570
1496
7880
6802
-699
10702
4976
-1337
5990
5190
2656
4413
152
3062
5688
11347
-4895
3479
6309
-4651
10903
-12085
3632
-3970
5837
-2403
-10828
11480
-6948
2122
-4363
60
-3035
-3725
-1166
-4313
3523
-7867
-2115
-830
-2540
-3944
1240
-2854
-7789
-1541
380
3091
-9915
2306
-4244
2613
-3602
-7522
10591
-12704
1897
-5340
-114
1395
-6974
-522
-5619
7942
-4583
344
-3365
-2499
6499
-3653
-4513
-5141
6256
-3331
-8
208
1103
2157
-1588
5190
-232
2050
-2520
791
1224
961
1345
-861
-4162
2638
5177
-8244
3714
-1046
-8071
3577
-5764
1541
-6170
-4028
82
2236
3496
-13727
9816
4368
-3724
-1743
6771
6738
-11026
4014
1146
12306
-2654
-12661
13809
7499
2582
-4777
7436
1216
1499
5423
301
7212
-21
916
10443
4611
-6801
13881
-489
-448
7002
-347
4330
1564
4730
-3276
4531
4340
-2647
6787
-3090
-1329
8737
-2262
-6199
5232
-180
-3258
-710
-911
-804
-2079
-3625
-3828
-1089
-3152
-9616
624
847
-9815
-2777
-6360
-471
540
-10358
-7579
760
-1741
-4453
-5131
-3303
-1034
-5144
2669
-6801
-3078
-1893
491
21
-7771
3304
-979
997
-536
2141
4238
730
-2908
3173
5112
-4433
-2695
1036
2231
-638
2579
-857
-2972
7228
1615
-2781
6013
-8988
6593
385
-3442
36
-158
5348
-3940
9268
-11907
12242
6160
-9648
6945
-8719
15401
-5163
1546
-2850
6510
13192
-10129
-1077
5383
13977
-7041
-980
-3453
13656
5505
-11962
2405
4615
9918
-7968
5982
-4813
6004
3014
-9421
7281
-3298
7901
-10266
3211
3310
-2544
1351
-9056
5477
-7638
8645
-5583
-3696
-330
-4045
9386
-5368
-4933
-2312
2847
2289
-3364
-5797
-513
-861
-134
-2368
-5911
228
-3375
384
-12146
3270
-3506
-5121
-528
-2756
3604
-2031
1944
-6985
8370
-1244
-3780
613
1295
5381
-4034
7306
-2838
4537
2027
2162
3118
-756
3597
-1920
3100
-2014
3204
2848
-2855
-5417
7484
3455
-9658
4579
-2729
1026
917
-5229
7241
-9132
195
6358
-5339
-703
-10931
11378
-3647
-5942
-2424
53
8231
-13060
8310
-669
-8305
8384
1683
-1839
-3083
674
4934
6336
-4276
-144
7891
1378
-5075
7668
7911
-6959
1380
5841
1143
8500
-806
-2363
6521
2907
6176
771
6518
-6391
8251
7344
-2471
707
-4395
10028
-10912
8029
-5526
-3820
4586
-8167
8757
-5448
1614
-10983
2582
5798
-10133
6946
-12579
2071
2462
-5314
-1686
-5803
-3411
-2787
-2617
-3589
1467
-2069
-1745
-3081
3263
-4973
1650
352
-8596
3252
-4463
3947
-3275
571
-3487
-744
11114
-7360
4400
-3209
3523
-447
-3590
1953
-3112
2117
-4970
3508
-3687
4589
-6768
1068
2473
-697
3144
-11017
5536
2928
-3692
-2458
-408
4542
2106
-7386
487
6146
-1415
52
-9127
5373
873
2361
867
-9791
11469
-2470
10899
-3987
-2799
9368
1657
3552
-1871
4048
2081
3045
-224
2878
8834
-1460
-2860
3528
6462
2621
-5332
12129
-10439
10880
4068
-703
7108
-9689
11199
-3929
5830
-7805
64
3586
-6573
5915
-5814
-403
-6937
7299
-7422
-77
-4758
-6333
5558
-12555
7353
-8762
-1221
-7634
-1863
5685
-10877
-489
-5486
4955
-3741
-2721
2284
-4138
-506
-5222
3618
-2720
-3382
436
-3453
2629
-729
2217
-4666
131
-476
3541
78
-4393
-517
1379
3965
-7553
2875
-7160
2095
1030
-3241
-4469
-4236
9755
-4146
-1154
-3256
7399
-676
-3861
5496
-124
-1943
-130
