SAMPLES:	4004
BITSPERSAMPLE:	16
CHANNELS:	1
SAMPLERATE:	16000
NORMALIZED:	FALSE
1974
2186
2142
1554
2219
2282
2649
2306
1752
1199
1845
961
1428
1687
1139
737
1080
1665
2238
2983
3405
3694
4177
4854
3909
3977
3448
2117
1540
1416
1030
1003
-410
-281
897
614
351
-41
-407
-515
-393
-824
-2128
-2908
-3056
-3475
-3664
-4336
-3765
-2593
-1563
-1527
-1578
-550
348
835
1515
1577
1172
-102
-1940
-3725
-2975
-2120
-2632
-1666
-1586
-782
484
799
1608
541
-66
88
-1056
-1027
-500
-885
527
1252
1901
2927
3318
2770
2708
2820
2641
3679
1594
101
-294
-962
-970
-1802
-1832
-1357
-2247
-1831
-2192
-3192
-2093
-2521
-2078
-2289
-1580
-507
-1183
-673
-228
995
950
863
478
474
1145
871
84
-1272
-639
-428
-5
637
1062
1107
1736
2223
1884
2133
2767
3517
3242
3278
3619
3041
2136
2403
2587
3912
3898
3085
1933
1524
1194
775
-131
-1356
32
-312
-1007
-1204
-1433
-2090
-2447
-3207
-3794
-2930
-2223
-2433
-2563
-2433
-3128
-3327
-4541
-5264
-4658
-2743
-2217
-2355
-1184
-839
-937
-3481
-3919
-4040
-4948
-5280
-5063
-3602
-1899
-535
-809
-1970
-2584
-3164
-2849
-3378
-3511
-1965
-560
1065
1110
1562
1288
995
1981
3097
3824
4832
5392
6711
7771
8125
7254
5172
4995
5028
5519
6232
6389
7239
7606
7821
6649
5553
5122
3670
2461
1169
739
757
1051
77
-777
-648
-867
-493
-867
-1085
-169
71
-356
-1544
-2855
-2312
-2316
-1498
-1396
-2489
-2024
-1555
-2189
-2218
-3361
-4350
-4695
-5325
-5645
-6076
-5129
-5046
-4524
-3639
-3906
-4109
-4866
-6032
-5351
-6249
-6513
-5884
-5396
-4806
-4964
-3693
-3606
-2482
-2396
-2396
-2682
-2879
-1529
-1280
-463
-182
-253
1354
2724
2160
2314
1773
2149
2903
3428
3900
3790
3748
4219
4012
2681
616
-443
326
1492
1700
2417
2824
3365
4231
2273
1651
533
-506
-206
-281
947
2307
2810
3044
2855
2389
2072
3041
3753
4667
5033
5787
6553
6029
5293
3493
3338
2008
3219
3032
3341
3956
4760
5318
4024
2441
110
-812
-1364
-1271
-1981
-2652
-2420
-858
539
-29
-348
-798
-2152
-1311
-1549
-2113
-1570
461
1135
-548
-1385
-1935
-1953
-2688
-3353
-3736
-2684
-2365
-2786
-3531
-4444
-4980
-5440
-5912
-6421
-6400
-5166
-3877
-2492
-1428
-1366
-865
-1764
-1341
-1876
-3144
-3819
-4712
-3590
-3156
-2189
-1810
-1487
-213
-528
-973
-1388
-1579
-1038
-469
1345
972
1716
3158
4146
5177
4850
4199
3935
4589
4829
4071
3923
4060
4450
4303
3374
2147
1425
1469
1243
1113
697
896
593
1611
1608
312
-462
-425
-874
-371
-1325
-1571
-787
-612
-44
-1027
-1634
-1204
-530
674
222
-88
-238
-742
-637
-1462
-2914
-2778
-2172
-1057
-641
-1552
-1171
-1204
-1104
-2758
-4175
-4883
-4630
-4096
-3465
-3277
-3189
-2447
-2046
-983
-530
675
1077
816
869
1218
2077
3198
3839
3713
4871
5018
5470
5969
5425
5145
4997
4613
4482
3688
1989
1783
1127
237
369
97
732
795
1251
1769
241
-470
-446
-97
-529
-1216
-1103
-673
391
2146
2105
1683
881
320
-120
-1122
-696
-840
-606
-669
-715
-1279
-1383
-1934
-2531
-4163
-4448
-3511
-2902
-2660
-3619
-2997
-3303
-3461
-3753
-4131
-3242
-2673
-2120
-1277
-156
465
-37
-135
1021
1456
1522
1417
1146
2825
3178
2375
2456
1845
1524
891
-547
-1156
-305
-189
-530
-633
-805
-1353
-1181
-1503
-1106
-952
-144
1429
1491
2173
1731
1573
1626
629
206
-1372
-1641
-1507
-1025
-1190
-2074
-2991
-2651
-3206
-2973
-2987
-2698
-1089
1275
3567
3953
3997
3425
4210
4034
4180
3702
3506
3454
3263
1795
1063
891
231
935
-162
-20
872
2303
3354
2808
2576
2277
2584
2080
249
-1439
-3017
-2440
-1683
-1757
-460
-619
-401
159
-637
-836
-1165
-2692
-2655
-2352
-1639
-709
-471
-654
38
-303
-769
-1584
-2226
-1921
-2283
-2924
-3422
-2968
-3683
-3554
-4861
-5383
-4589
-3637
-3216
-2902
-1890
-1468
-554
631
319
464
518
182
900
685
1612
2972
3058
2643
2315
2555
3392
3699
3330
3299
3442
4331
3830
2739
2666
3136
2698
772
-707
-669
-726
-1758
-2262
-2282
-1371
-2091
-1548
-254
344
1083
-14
-489
-701
-940
-1436
-1799
-2391
-2203
-909
-1658
-1787
-207
1422
1652
1299
1503
1787
2464
1883
1387
1903
2769
3843
2756
3096
2535
3510
4040
2857
2971
2566
2889
1933
262
-1579
-2672
-2877
-4194
-5298
-3661
-1919
-50
622
536
1593
2168
2101
1144
-772
46
410
328
567
667
2625
3249
2313
2252
1584
1556
347
-1493
-2279
-3107
-2446
-2730
-3316
-3276
-2818
-3134
-3088
-3676
-3869
-4138
-4580
-3989
-2592
-191
593
-950
-2079
-2163
-1738
-1562
-3066
-2555
-801
-234
-539
-1270
-895
-1149
-2133
-3454
-3825
-3211
-1946
-1445
-822
188
1621
2184
1492
-323
-284
864
428
-32
-797
1066
1142
1311
1025
-305
-511
162
648
-211
-224
660
1473
1515
1226
900
1100
839
810
1188
1530
2760
2614
3558
4496
5467
5320
4400
3594
3179
1929
347
-142
-67
587
694
204
1002
1778
3049
3831
3168
1727
337
685
150
118
-27
75
-1011
-1183
-1098
-623
226
-78
484
1322
3481
3628
3672
4015
3645
5057
4572
3602
3871
3763
3192
1770
1055
1199
576
-600
-2051
-1995
-1101
-337
-101
-985
-2158
-1755
-1847
-2647
-2687
-3778
-4522
-4287
-5287
-4201
-3858
-4005
-4126
-4356
-3119
-3277
-2647
-4175
-5358
-4633
-5147
-5211
-6224
-5935
-4717
-3488
-1626
-812
-267
-1508
-2491
-3411
-4278
-4507
-4852
-4704
-4047
-3451
-1961
-1086
-251
-104
1302
3170
2693
2857
2767
2805
2982
2161
2232
2753
3729
3617
4096
3382
4439
4287
3168
2204
1803
3821
3593
2828
2247
3245
4715
4972
4485
3373
4545
5442
5533
5180
4134
3280
4085
3654
1597
90
-2048
-3067
-2878
-3076
-3054
-3227
-4301
-3652
-3740
-2646
-2314
-2572
-2806
-2630
-1699
-2653
-3418
-3241
-1863
-1499
-1024
-856
-344
-21
-1353
-2731
-3650
-3375
-3034
-3202
-2728
-2014
-1147
-417
-1676
-2310
-1554
-1223
66
-704
-1290
-851
-328
586
1507
686
1885
1454
1789
1906
2007
2879
1887
1522
1639
2074
3052
2946
2325
2656
3543
3995
3688
3449
2918
2786
2293
2290
2317
2995
3588
3663
3785
3790
4333
5528
5824
4621
5239
5435
5510
5723
4379
3125
2108
1293
701
-243
-569
-335
854
2212
1966
1370
214
-637
-1433
-2484
-3247
-3906
-3546
-3444
-2234
-2267
-2399
-1786
-1642
-1029
-1426
-1682
-2448
-2897
-3880
-4849
-6500
-7221
-7266
-6370
-5994
-5808
-6019
-5663
-5452
-5491
-5393
-5225
-5869
-7222
-7046
-7283
-6417
-5257
-5382
-4026
-3486
-3193
-2181
-2993
-3749
-3875
-3714
-3261
-2774
-3458
-3494
-3667
-2651
-2352
-2553
-2525
-2222
-385
942
1748
1320
1421
2068
2716
3135
4152
4220
5769
7494
7908
8388
8148
8317
8042
6781
5934
5300
5942
6914
7299
7097
6754
7430
7984
7256
6223
5212
6073
6733
6121
5431
4983
4740
5120
4204
3831
3315
2950
3198
2408
2379
1895
2326
1465
1460
334
-235
-845
-1658
-1542
-2513
-2347
-2672
-3473
-3827
-4301
-4146
-3903
-4426
-4460
-5418
-6426
-5760
-6081
-6115
-5071
-4452
-3400
-3024
-3839
-4973
-6013
-5961
-6657
-6461
-6549
-5994
-5381
-3692
-2168
-2263
-2349
-2725
-3025
-2834
-2148
-2018
-1785
-1017
-478
63
653
117
-78
-91
-243
-978
-578
-312
171
782
757
1118
2114
2795
2113
1828
2470
3767
4487
3525
3517
4327
4155
4094
3349
2471
2658
2473
1560
1833
1651
2621
3207
3982
4382
5294
5237
3890
2551
2860
2304
1709
948
-749
-401
-122
774
-236
-1219
-1800
-1215
-1474
-2428
-4380
-5600
-5687
-5335
-4535
-4004
-4233
-4501
-3204
-2776
-2135
-3164
-2541
-1924
-1574
-1466
-1921
-1522
-1283
201
-1003
-1689
-477
569
1324
917
1105
1394
1642
598
-366
-485
28
621
341
-728
-912
-82
-157
-376
-1268
-1501
-1372
-1497
-668
-417
-1875
-2684
-2841
-1398
-371
-759
-463
760
3162
4841
5280
3986
3855
4520
4891
3989
3009
3463
3967
4960
4629
5410
4914
5197
4933
3906
3966
4112
4831
3472
2048
1661
2216
2208
408
-1548
-2117
-1675
-1292
-2076
-2983
-2726
-1427
-1183
-1737
-2762
-2755
-3520
-4230
-4697
-4055
-2436
-2614
-1312
-1273
148
937
-88
-1209
-1801
-1941
-981
-669
-1276
-654
-958
-193
62
-307
-1367
-1284
-1559
-690
-298
-1187
-1731
-2932
-2967
-3057
-3392
-4321
-4957
-2730
-840
298
710
16
1487
2233
3057
2759
3218
4288
3700
3859
3735
3032
3036
3068
1860
1373
830
1269
2011
1369
1331
1344
2181
2005
1042
506
729
1104
-778
-2336
-2785
-2290
-1676
-1835
-2304
-2778
-3179
-3761
-4329
-4687
-4835
-4563
-4511
-3657
-3174
-3302
-2786
-3872
-4267
-4869
-5030
-4671
-4208
-2718
-1957
-660
921
1766
2568
2172
874
823
299
769
2355
2781
3578
4123
4387
4921
5133
3841
3154
2024
2720
2747
3229
4289
4827
5896
5003
3166
2104
2250
1585
2198
1345
2030
2527
2852
2628
1980
1296
200
54
-439
-147
-255
-699
-667
45
1439
894
184
-1062
-1726
-1481
-1804
-2261
-3340
-3209
-4046
-4003
-4316
-4357
-3055
-2017
-1792
-1538
-2096
-2028
-1795
-1973
-2558
-2229
-2658
-2967
-2315
-2360
-1330
-2073
-1562
-2308
-1742
440
355
1062
-237
74
229
1414
1359
1336
2915
3196
3546
3745
3801
3866
4464
3540
3380
3239
3237
2357
2068
1449
1348
1598
2525
3306
2947
2728
2285
2426
2097
2044
2378
1378
1321
1677
1810
1398
-681
-1326
-297
689
93
-1168
-2128
-2917
-2687
-2923
-3087
-2989
-1906
-638
154
489
141
-469
-1259
-988
-2396
-2840
-2699
-2525
-812
-211
-711
-569
-1681
-1852
-2446
-3978
-4748
-4870
-4766
-4333
-4611
-4751
-3986
-3058
-2038
-2658
-3358
-3720
-3891
-4487
-4486
-3824
-3169
-3689
-3451
-3664
-3187
-2423
-938
-284
1093
2892
3460
4513
4092
3887
2832
934
-127
-774
229
1484
1444
2218
3810
5045
4665
3940
3575
3100
3088
2268
618
-198
367
993
1742
1657
2063
2994
2438
2708
1775
2059
2727
3125
3239
3552
4135
5222
6253
5690
6018
5837
5972
5652
5675
4644
3938
3339
3044
1663
186
85
335
1016
-307
-1077
-1193
-784
259
808
-541
-1431
-1134
-529
-977
-2520
-3156
-2868
-1554
-1241
-1295
-2381
-3040
-2584
-2992
-3904
-4812
-5459
-4660
-3651
-3648
-3331
-4196
-4531
-5951
-6770
-6644
-6199
-5721
-5700
-4377
-4174
-4259
-4893
-5817
-5116
-4837
-4800
-4648
-3211
-2149
-1996
-2887
-4365
-3885
-3158
-2142
-1587
-626
1990
4826
6729
6688
5607
6129
6628
5705
3419
2996
4113
4427
4338
4595
5264
6313
6492
6122
5792
5526
4384
2477
1715
865
619
-282
-992
-1118
-1577
343
354
522
549
952
1576
910
-70
-358
894
1848
785
174
111
1895
2158
1839
1657
1803
1717
1922
1419
775
1069
24
-553
-1163
-1926
-1233
-1708
-1842
-1308
-1521
-326
-1121
-962
-1473
-2398
-1036
-1512
-824
-135
-105
-786
-1102
-549
-861
-1802
-2875
-2224
-2424
-2372
-2727
-4179
-3828
-3113
-3220
-3353
-3968
-3653
-3008
-1782
-933
-1442
-1373
-1866
-1830
-2196
-2228
-1905
-882
-496
240
962
1498
1360
548
681
838
1377
1875
3352
4075
3422
2900
2226
1786
2430
1239
1339
1159
2721
5211
6341
6171
5626
5381
5038
3282
1181
167
320
2247
2130
1392
1709
1755
891
243
-449
-1470
-1846
-2125
-2105
-1148
-1695
-1552
-2020
-2283
-1127
-1223
-1334
-2519
-3821
-4621
-3881
-4094
-5025
-5131
-3953
-2408
-1185
-1044
-252
1267
243
-15
-1270
-888
843
1609
649
-816
-1365
-362
182
-887
-2073
-1507
-738
-46
-31
-268
614
17
-231
-1041
-1376
-682
-1439
-709
-161
724
910
1274
2183
1464
1147
622
1273
1197
786
1078
765
1400
2383
2140
1460
677
285
1100
981
1004
1647
2118
2206
1245
773
257
-43
981
1293
1896
1630
2404
1933
2064
1875
688
759
181
434
229
188
-52
-93
350
1079
2213
1676
1858
1470
1258
763
-59
-231
-782
-1082
-1428
-1411
-1406
-1601
-3023
-3718
-2757
-2655
-2509
-3143
-3166
-1519
-739
116
-34
-853
-680
-1225
-2683
-3124
-3478
-2635
-1611
-1969
-1435
-893
-187
306
-447
-672
-610
-237
-437
-386
-168
-192
29
-138
-133
-558
-1584
-2245
-1496
29
1516
2383
1484
1475
1460
2258
1940
255
372
60
1002
1192
671
643
-371
-542
-818
-639
-1400
-688
-558
-596
-765
-946
-234
-446
-1371
-1491
-1206
-750
-262
105
-425
-242
-331
257
608
227
-756
-530
-733
-825
423
1271
2199
1835
1871
3257
4262
4122
4130
4012
3959
4195
2633
2584
1648
1576
1652
1092
1302
470
1213
280
563
1083
1638
1950
1483
747
1132
570
786
-1015
-1631
-676
355
2219
1542
1052
1268
1703
1246
1126
716
-297
-1065
-159
-452
266
158
-191
10
-966
-1219
-1194
-1906
-2256
-2181
-2071
-1783
-2030
-2358
-3778
-4373
-5027
-4924
-2872
-2106
-2361
-1957
-1332
-981
-1339
-1954
-2756
-3345
-3996
-3834
-2808
-2956
-2788
-3439
-3257
-3448
-2815
-3079
-3396
-3370
-2958
-1560
-1415
-1150
-283
1464
2392
3310
2964
1587
1377
1340
1713
1584
879
1493
1916
3156
2767
2204
1987
2137
2507
2763
3438
4703
5699
6611
7093
6325
5288
4617
3410
2857
2593
2365
2795
3489
3919
3577
3064
2878
2948
2336
2144
1055
1064
1041
1115
215
118
-194
-538
-1048
-3034
-4472
-5779
-6119
-5891
-5410
-5336
-6500
-5991
-4824
-4676
-4852
-5718
-5944
-5303
-4785
-4977
-4613
-4239
-3342
-4046
-3889
-3944
-4014
-2879
-3168
-2532
-2668
-2793
-2776
-3150
-2667
-2571
-1857
-637
-336
-478
384
1335
2581
3276
2317
2819
3471
4807
6018
6206
7025
7971
7474
7572
7427
5832
4863
3386
2427
2126
1476
2311
2790
3693
4140
2970
3005
3194
2223
2732
2221
1535
1782
1967
1948
680
-434
-544
-250
752
-139
-541
-204
-146
613
-275
-1423
-1951
-1459
-1326
-2189
-1755
-2201
-1503
-976
-1604
-2910
-3498
-2754
-3631
-3986
-4088
-4111
-3483
-4058
-4272
-4958
-4133
-4041
-4544
-4311
-4372
-2035
-964
-399
-583
-279
-933
-2435
-2366
-1669
-1409
-1718
-1265
-791
388
1017
432
-867
-988
34
748
856
1450
3191
4476
4277
4464
4522
4721
4807
3403
2448
2451
2533
3053
1567
585
-18
-857
-467
-1195
-723
-761
-187
365
-411
1059
2541
1764
1964
1308
854
824
-41
314
-319
159
264
-272
1643
3459
2923
2689
1818
2098
1481
1023
457
-528
461
1530
1710
1021
40
-521
-335
-977
-2676
-3560
-3140
-2882
-2427
-2718
-2433
-2604
-3238
-4008
-5627
-6537
-6793
-5917
-4616
-4083
-3700
-2493
-1635
-1929
-1811
-2342
-1906
-2291
-2863
-3006
-2303
-1307
-661
-311
-397
-423
-700
-399
414
-201
163
933
1673
1831
1928
1695
1198
1888
2173
2144
1944
2119
3014
3505
3302
4158
4231
4861
4661
4474
3566
3842
4534
4398
5023
4900
5403
5931
4788
3124
2807
1780
1757
1489
1513
1370
694
720
1388
2025
2047
1471
1975
2364
2465
2253
1692
601
766
350
-113
-416
-416
416
1131
2572
2438
2137
2183
1852
516
-397
-1798
-2466
-3023
-3379
-3010
-2481
-3069
-3692
-4526
-4795
-4572
-4173
-4671
-4972
-5001
-4807
-4914
-5734
-5746
-6867
-7467
-8317
-7391
-7116
-6361
-5705
-4971
-2661
-929
-1261
-2179
-2181
-904
-264
-816
-168
515
1164
1010
716
634
755
629
1932
3020
4676
5245
4074
3435
3704
4164
3721
1979
1288
2503
2891
3523
2585
2445
2526
2415
1074
158
899
1993
3241
2722
2687
3285
3537
3022
2064
931
244
220
957
80
514
821
1274
2066
2052
2228
1748
2216
2349
2301
1074
306
-49
443
476
-700
-2096
-2443
-2207
-2296
-2939
-3643
-3649
-2039
-192
-823
-2172
-2465
-1978
-2114
-2577
-3980
-3515
-2989
-2222
-2315
-2348
-1396
-1930
-2537
-1901
-1304
-672
885
2216
2815
2262
1425
1932
1943
1713
1399
1381
2537
2670
3078
2519
1700
1614
1153
846
421
-573
501
2198
3354
3742
2995
2962
2952
2456
622
-1500
-1268
374
1526
2656
2522
2841
3843
2912
1582
178
-940
-771
-299
-407
439
753
1701
1613
1013
232
564
-252
-696
-412
513
1632
331
-588
-629
-282
-1064
-2739
-3495
-2782
-2568
-2254
-3066
-3626
-5198
-6418
-7942
-8315
-7896
-7813
-6889
-6303
-5397
-3801
-2131
-1907
-2659
-3836
-3917
-3491
-2859
-2667
-650
393
2618
3639
4055
3920
2037
820
63
992
2431
3286
2827
3226
3251
4332
3776
4052
3154
3173
3659
4136
5012
4003
4693
3873
4261
2519
1546
374
150
430
-457
95
-109
-7
53
63
618
505
274
1199
1836
3079
3616
3730
2970
1653
1139
217
-203
-761
-943
-1314
-1687
-2454
-2073
-297
-673
-677
-839
-324
315
482
785
-10
-30
46
-161
-324
-915
-780
-1279
-666
-1312
-1497
-2135
-2974
-2753
-2700
-1779
-1301
-529
-588
-592
-627
-1188
-1572
-1747
-1991
-1101
-221
103
209
651
1055
1054
725
412
620
957
721
645
639
1813
1945
1073
978
920
661
50
741
995
2100
2339
2860
3021
3088
3260
1920
1408
1803
3619
3978
4103
2892
848
208
-1101
-1673
-2506
-2749
-1675
-1046
-889
-179
-906
-991
-2427
-3799
-4912
-5329
-5216
-4795
-3159
-3033
-2736
-3491
-3662
-4793
-6025
-7534
-6318
-5396
-3233
-2307
-897
328
456
1457
-217
61
-125
1963
3085
3339
4268
4606
4816
3293
2277
1531
1772
2377
1396
1549
2302
2835
3179
3370
2861
3078
2855
1300
-161
-171
903
1148
1219
1672
2507
3881
3632
2665
2215
2233
3539
2232
1719
1145
1281
2069
2593
1667
1008
1116
1494
969
997
1651
1521
1591
372
-572
-1174
-1986
-2618
-2251
-2737
-2704
-3226
-3459
-3950
-5292
-5324
-5528
-6281
-4998
-4969
-3924
-4469
-5219
-4291
-4720
-6194
-6512
-6242
-5216
-4102
-2876
-1979
-962
-1483
-2591
-2467
-2343
-1155
-438
1032
1912
3002
3718
3388
2672
972
1511
1397
410
751
354
1125
1458
1613
2710
3929
4761
4639
4489
4931
6183
6269
5454
4788
4964
5879
6054
5688
5294
5501
5538
5540
5170
5652
6479
6467
5430
5223
5089
5602
4547
3298
2502
1207
1434
637
67
-592
-746
-1415
-2278
-2312
-2235
-1295
-2185
-2311
-1822
-2136
-3129
-4715
-4375
-5329
-5731
-6845
-6572
-5580
-5859
-5571
-6291
-6079
-5689
-5352
-5325
-5662
-5009
-3841
-3106
-2291
-3148
-3074
-3123
-2589
-3715
-3845
-4129
-4726
-4379
-4107
-4199
-3163
-1474
-1177
-594
-115
365
-683
-747
-1114
-1756
-1563
-1608
-1800
-1179
-419
-743
-501
-1130
-621
-923
-1702
-954
-659
1565
2494
2445
3270
4671
5700
5521
3719
2950
2729
3546
3993
3000
3370
3730
4929
6239
6418
6384
5146
4161
4642
4567
5007
5759
5936
5978
4647
3899
2832
3683
2196
1392
2147
1315
1280
840
859
792
118
-802
-1265
-1758
-2736
-2805
-1651
-932
-824
-1311
-1944
-2421
-1964
-2344
-2681
-2946
-2702
-1989
-1977
-1320
-1392
-1919
-3143
-3464
-3358
-2778
-2063
-1449
-351
-667
-718
79
392
576
406
719
747
538
443
333
-1069
-967
-728
-1234
-1092
-2135
-1507
-355
1076
1789
1954
2741
4257
5181
4202
3521
2795
2863
1085
-580
-1426
-1940
-1233
-1297
-1821
-1235
73
-113
-1121
-2819
-3621
-3469
-2976
-3237
-3540
-2986
-1222
384
331
602
693
703
548
-215
116
334
-119
275
28
-255
-580
-1331
-964
-420
791
1956
2718
3757
3832
3846
3053
1758
1145
391
-1187
-2128
-3575
-3470
-3385
-4006
-2799
-3457
-2103
-772
-790
-1386
-2281
-2922
-2621
-2615
-3202
-4258
-3363
-2022
-1341
-1250
-1036
-255
724
649
1973
1639
1199
1315
568
-247
-1483
-1752
-1028
-907
-731
153
1038
1345
1572
942
-30
-801
-1603
-1789
-1515
-1044
388
1041
1529
2951
3856
3975
3526
3119
2468
3048
3294
3642
4787
4696
4992
4897
4660
5418
4333
3572
2834
2611
2441
1013
306
-708
-650
-900
-1238
-1695
-562
907
1398
983
1098
2544
3777
3675
2043
1136
1066
287
-74
-1376
-1318
-901
-1573
-2900
-4596
-5192
-5374
-5293
-6030
-6334
-5333
-4038
-3416
-2990
-3728
-3076
-2600
-4249
-4845
-4496
-2468
-1162
-1646
-1220
-1041
-871
-1456
-2330
-3266
-3982
-4012
-4196
-1954
-803
534
815
1398
2009
1230
1882
1353
2553
3401
3614
3401
2736
2772
3860
3885
3816
4619
5107
6243
6313
5571
4841
6198
6674
7265
5271
4678
5605
5185
4288
2518
2144
2886
2887
2598
2636
2361
4056
3658
1969
556
108
499
-1401
-2746
-4052
-4332
-4850
-6132
-6850
-7107
-6200
-6777
-6930
-7482
-6718
-6642
-7285
-7387
-6808
-5580
-6135
-6142
-5758
-4024
-3261
-3288
-3514
-2575
-1232
-1201
-1907
-2788
-2739
-2472
-2213
-3084
-2806
-1895
-1853
-2069
-1122
-742
177
1186
2040
3155
4190
5021
3676
2838
2502
1917
971
254
74
530
1441
2545
3219
3822
3450
3550
3574
2855
3396
3388
4314
4669
5124
5279
4608
4214
4068
3781
4005
4684
4684
5243
4280
4393
3979
2551
2342
1638
575
495
153
778
364
-38
-1088
-1622
-2503
-2583
-1238
-1203
-1203
-2376
-2987
-3195
-3244
-3328
-3851
-4019
-2864
-1232
-1265
-1160
-1700
-1669
-1113
101
-2
-880
-1868
-2285
-2600
-2926
-2909
-3256
-3118
-3074
-1526
124
1124
895
1537
1751
2410
2596
1820
1998
2681
2879
2378
1371
1095
1667
2236
1324
575
1018
679
412
-833
-1477
-1219
-681
-890
-1518
-434
1647
3140
3367
3194
3215
3533
3880
3336
1422
94
-1257
-1783
-3539
-4219
-4723
-3742
-3035
-4764
-4091
-3671
-2851
-1862
-2269
-2009
-1745
-1960
-1634
-1085
-1544
-1997
-1040
-1034
-1416
-2167
-2136
-1371
-952
-395
-1076
-1344
-1374
-730
-1096
-2041
-2465
-1307
173
967
1140
772
2227
2729
2524
1694
-250
-365
404
136
-736
-486
1303
2839
2309
974
-67
356
84
-656
-1813
-1738
-1652
-1035
-273
-910
-1094
-74
596
2387
3151
3210
3521
2944
3658
3911
3709
2064
1787
2164
3825
3166
2684
1920
1501
1538
1823
2180
1741
1575
1010
2113
2281
2383
2489
1881
2159
1910
1391
1311
-20
-1005
-2127
-2651
-2207
-2617
-2144
-1749
-1674
-1316
-1582
-1905
-2485
-1902
-1321
-461
26
569
-517
-415
-1217
-2005
-2328
-3198
-2542
-3361
-2120
-984
-381
-808
-1075
-1737
-1818
-1600
-2604
-2089
-1701
-379
148
646
628
-205
-750
-843
-1419
-966
-886
-1593
32
1477
1347
1356
517
1257
2481
2907
3414
3474
3614
4438
3755
2890
2361
2139
2005
1859
1613
666
192
295
-516
-211
-958
-1244
-1091
-2130
-2057
-2397
-1042
-13
386
-502
-1516
-2196
-408
-766
-1340
-1004
-210
996
1029
76
-1149
-1689
-2068
-2126
-2792
-2393
-1674
-332
259
22
-129
-1470
-2094
-1293
-1866
-1549
-1517
18
1947
2680
2043
517
-1113
-1941
-3369
-4833
-4933
-4780
-3492
-1861
-1124
-784
127
77
196
-693
-1047
-678
-477
175
1126
1213
1879
2106
2396
2362
1476
1746
2478
2980
3725
3043
2532
1283
1616
1591
1339
1317
1567
1732
2912
3843
3769
4087
3537
4754
4972
5278
5465
4935
4815
3095
2536
3032
2275
496
-789
-2409
-2744
-3457
-4747
-5235
-4450
-2240
-1522
-1348
-506
-674
-1487
-2132
-3033
-3286
-3799
-4061
-4053
-3800
-2513
-1994
-2085
-2632
-1982
-2011
-1765
-1732
-1779
-1238
300
1124
-845
-1911
-2856
-2979
-2083
-1363
-1331
-437
406
837
255
-733
-933
-1591
-1146
-284
-10
1239
1728
1291
1592
2818
2936
2835
1592
1209
1892
1711
841
709
573
590
625
1051
2205
2789
3038
2258
2577
2958
3338
2228
1871
1271
989
1203
1683
2198
2631
3632
3442
2959
1555
959
945
667
367
974
1249
849
328
342
-17
-676
-1444
-1443
-1517
-807
-1021
-1391
-998
-1339
-941
-2361
-2682
-3060
-2657
-1905
-1982
-1129
-1346
-1462
-1349
-790
-733
-2029
-2347
-2439
-1945
-1182
-1816
-1925
-1078
-2221
-2531
-3114
-3646
-3398
-3656
-2050
-865
183
1070
1357
1394
-755
-2424
-3264
-3435
-2616
-2054
-2153
-1763
-2028
-1212
-1640
-2706
-2702
-2151
-1460
-653
-536
-356
-749
-1052
-968
-1670
-1468
-1654
-2575
-721
416
2640
2786
2988
3487
2000
890
150
897
604
1498
2760
4439
5035
5597
5199
4850
5304
4794
4757
5410
5054
5392
5483
4306
4876
4272
3473
2319
1646
2272
2288
2211
2174
3091
4003
4818
4765
3258
2965
2559
2799
3451
2549
2575
1555
1532
1009
232
-1556
-2882
-3538
-3722
-3765
-3530
-1952
-1705
-1851
-1865
-2726
-3775
