SAMPLES:	4005
BITSPERSAMPLE:	16
CHANNELS:	1
SAMPLERATE:	16000
NORMALIZED:	FALSE
-13797
-13703
-13959
-14137
-16463
-17960
-18028
-17286
-15843
-13387
-10030
-6054
1449
7855
9966
10198
12742
14987
12576
8324
6042
4487
-19
-3847
-3877
-3774
-7392
-10231
-7532
-5684
-6525
-6316
-5045
-6400
-7823
-5660
-3652
-5142
-4826
425
4613
6518
10091
15451
18455
20502
22041
21571
17750
14746
11484
6765
1740
-2677
-5420
-7388
-5812
-4342
-3241
-3402
-2452
-2059
-3583
-4274
-7427
-10790
-14223
-14455
-15661
-15622
-13368
-10069
-5804
-2312
3723
7723
11898
14522
16184
15398
13824
14330
13829
14016
13473
14564
13759
13638
12904
10596
8286
4112
207
-4076
-5631
-9227
-12414
-14866
-14289
-14556
-16538
-16417
-16142
-14399
-14195
-13109
-13174
-12427
-10747
-9578
-7139
-5423
-2579
258
4201
6688
6940
8109
9578
9797
6273
5022
3266
627
-3576
-4596
-4694
-9486
-12630
-11810
-8305
-8948
-8544
-7172
-6000
-4953
-2946
509
5
2512
5795
8970
10288
12638
16474
18047
19017
19054
18523
15025
13410
11185
7481
3385
241
-2444
-5135
-3951
-3527
-4146
-5759
-5403
-5318
-6907
-7657
-9297
-10561
-11698
-9921
-9846
-9125
-5449
-2315
990
2908
6093
7528
9993
11179
10564
9128
9378
11939
11540
13619
15589
17329
16377
16496
15965
12693
8771
3542
-811
-6208
-8411
-11850
-14531
-15756
-14900
-13920
-14817
-12863
-12989
-11933
-12656
-13505
-15634
-16165
-14040
-13648
-12270
-10374
-5395
-2107
2704
6777
8065
8804
9695
10829
7831
5081
2389
-5
-3954
-5913
-6054
-8083
-10392
-11167
-7960
-7013
-6343
-5561
-4250
-2980
-1571
1295
1258
2993
5935
9241
10476
11950
15074
16242
16854
16256
16817
13072
10309
8295
5887
2572
205
-241
-2738
-1784
-295
601
-1079
-1361
-1627
-3823
-4974
-6818
-8305
-10168
-9362
-9195
-7794
-4393
-1510
1279
3005
6280
8010
9452
10317
9333
7462
6267
8314
8330
10084
12280
15021
16384
17829
19038
16205
12262
7290
1679
-4897
-8915
-12533
-16183
-18303
-18604
-17722
-17423
-15504
-14740
-13659
-13436
-13977
-15691
-17176
-16277
-16424
-16126
-14730
-11266
-7637
-2172
3846
6368
7696
10336
12256
10044
7037
5492
2850
-2873
-5756
-4950
-7758
-11418
-10839
-6892
-5621
-5614
-2906
-1106
-524
779
3629
3164
3117
6263
9418
10739
12175
15165
15372
15790
16848
16901
13146
10594
9932
7016
3553
706
-432
-3376
-3661
-3213
-4234
-5041
-5534
-6078
-8045
-7447
-7502
-8167
-8310
-6075
-4022
-2013
1625
3516
5096
7487
9647
9760
10661
11962
10289
8009
7598
7955
7114
8771
12194
13898
14778
16983
17689
14540
11362
7427
1067
-4826
-8271
-10882
-15374
-17170
-17430
-16890
-16341
-14647
-13724
-13672
-13503
-14205
-15574
-17382
-17340
-18734
-18799
-16587
-13421
-9313
-4144
557
2604
5846
9798
11015
8107
6929
6139
1404
-2652
-3468
-4471
-9711
-10048
-6272
-4143
-4714
-2514
814
2153
3514
5107
6136
4725
6784
8559
8946
9224
10950
11196
10926
13181
13024
10960
8630
8626
6896
4594
3367
1722
199
26
472
-1578
-2670
-2888
-4373
-6725
-7219
-7181
-8929
-8374
-5724
-3812
-2846
-275
2560
4445
6312
8100
8476
7419
8494
8661
7611
6603
7430
7630
8609
12179
15711
16576
16475
16880
15721
12544
8202
2260
-4219
-9067
-12078
-15171
-17262
-17407
-17741
-17571
-16154
-14157
-14143
-14828
-15857
-17655
-19319
-20600
-20972
-20986
-19239
-15476
-10853
-5817
-1280
3441
8336
11119
10132
8249
6929
4532
907
-1826
-2883
-5471
-7397
-6181
-2843
-1281
-111
2733
4362
5969
8735
9894
8965
8730
9404
8106
6846
7040
6174
5253
6140
7916
7980
8315
11052
11876
10786
9911
8590
5297
2265
-450
-4000
-6939
-7930
-7828
-8294
-6755
-4754
-3304
-1731
286
1798
1239
785
827
-535
-1378
-471
-305
355
1875
4723
8138
12229
17157
21005
23378
23792
23589
21212
17160
11303
4011
-2401
-7334
-9799
-12542
-13996
-14600
-13527
-12377
-11647
-11871
-13710
-15995
-19417
-21775
-24189
-25229
-25715
-24449
-20887
-16045
-10395
-4659
2815
8897
12735
13969
15027
14677
11632
8000
3981
-113
-5300
-7034
-5801
-5832
-6696
-4440
-699
-417
-672
120
-186
-3438
-5326
-5650
-6472
-5876
-2965
689
4032
9727
15372
19238
21199
24300
24966
21964
19316
16457
11631
6714
4682
1607
-1092
-486
742
594
1042
2385
1271
-1189
-3078
-5845
-9523
-12324
-13695
-15671
-16010
-13794
-11082
-8819
-5536
-958
1108
2552
4663
5108
4352
4725
4994
3623
3504
6668
8679
10017
12903
16970
20009
21716
22461
20582
17777
13348
7731
141
-6076
-11530
-16394
-18802
-18816
-18612
-18918
-16425
-13668
-12208
-11775
-11709
-13172
-15540
-15894
-16327
-16755
-16990
-14685
-11593
-7221
-2454
502
3011
6804
11201
10433
7855
7055
6643
2617
-1285
-1306
-2675
-5936
-6170
-1997
-1658
-2235
-737
1043
246
78
2712
2432
1545
2747
5636
6591
8589
11903
13459
14483
16378
17934
16511
16343
15226
12015
8418
6496
4235
733
-1198
-2303
-3077
-4087
-3941
-5079
-7213
-7835
-8705
-10842
-12912
-12555
-12192
-11343
-9723
-8528
-7280
-3591
467
1658
3384
5949
6936
6501
8172
10113
9639
8451
9987
11720
12485
14781
17334
17525
17385
18227
16283
12521
8899
4489
-1999
-7701
-10667
-14066
-16137
-16671
-17070
-18050
-17137
-14534
-14406
-15083
-15257
-15327
-16911
-17176
-16063
-16102
-15336
-12924
-10311
-6980
-1561
2559
4457
7428
10736
9701
7183
6627
5428
796
-2588
-2638
-5298
-8532
-6842
-3355
-4580
-4857
-649
1715
1057
1908
4341
4546
4387
5266
6446
7047
9285
11117
10831
11811
13849
14484
13982
14830
13795
10223
7859
6808
3978
1182
-348
-1882
-3653
-4070
-4404
-5770
-6683
-6654
-7842
-9152
-9185
-8689
-8840
-7887
-5102
-3971
-3064
-230
3673
4935
5952
7392
8620
9789
10704
11413
10204
10795
12100
14344
15192
16109
16936
15980
14655
11743
8611
3464
-1701
-7929
-12278
-14571
-16794
-18922
-19985
-18386
-17985
-17155
-15998
-14471
-14873
-15944
-16246
-16690
-17171
-17648
-16264
-14858
-12703
-9627
-4945
-366
2659
6508
9767
10996
10376
10396
9570
6085
2277
403
-1812
-5162
-5494
-3665
-3580
-4045
-960
2236
2388
3280
5550
7150
6999
8007
8666
8748
9903
11185
11075
10921
12895
13730
13581
14155
14389
11769
9181
7557
5365
3033
1001
-532
-3135
-4151
-4803
-6448
-8216
-8715
-9550
-11339
-11302
-10185
-9650
-9254
-7408
-5616
-4544
-2360
427
2101
3109
5092
6731
8167
9344
10518
10549
10934
12137
13427
13983
13718
14033
13858
12814
10410
7779
3900
-1170
-6220
-9679
-11609
-14412
-17001
-18167
-17495
-17638
-17996
-17081
-16763
-17342
-18526
-18715
-18505
-18062
-17179
-15374
-13154
-10944
-7923
-3884
361
3190
5774
8332
10118
9782
9250
8716
6165
2694
954
416
-2356
-4016
-2196
-1031
-2077
-1118
1466
2420
2413
5451
8658
8291
8559
10630
12081
11525
11887
12024
11129
11372
12144
12228
10724
9929
9159
7201
6287
6377
4504
2174
1774
1059
-1031
-2972
-3703
-6276
-8498
-9398
-10403
-11257
-10705
-8779
-8502
-7280
-4182
-2146
-2135
59
2521
2364
2174
3572
5005
4436
5674
7404
7190
8023
11621
15424
16058
17531
18787
17470
14560
11961
7887
569
-5624
-9822
-12245
-15065
-17153
-19351
-19761
-18597
-18577
-18247
-18021
-17535
-19070
-19728
-18845
-18464
-19118
-17637
-13793
-10939
-8060
-2709
3564
6636
8626
11696
13275
11386
9826
9605
6803
1868
-983
-726
-2852
-5402
-4174
-1760
-2524
-2421
1361
2440
993
2538
5888
5346
4840
7811
10174
10086
11054
13154
12374
12088
14156
14494
11807
11132
11088
8349
6156
6103
4106
770
412
322
-2437
-4051
-4115
-5923
-8661
-8745
-8977
-10889
-10598
-8371
-8314
-8271
-6007
-4107
-3878
-2005
755
639
1052
3770
5886
5715
7184
8756
8248
9428
13583
16043
16918
18862
19526
17780
15022
13417
8493
1370
-4328
-8398
-12680
-15805
-17939
-20318
-21307
-20654
-19560
-19137
-17597
-17327
-18702
-19248
-18216
-18552
-19302
-16911
-14194
-11825
-8627
-2617
2534
5453
8630
11701
12923
11389
11189
10046
6854
2675
482
-1057
-3421
-4302
-3710
-2002
-2640
-1611
489
2073
2256
3343
5546
6130
7215
8926
10696
11873
13151
13181
12311
12482
12632
11814
10913
10810
9132
7566
7275
6937
5430
3398
2490
1023
-999
-3039
-4577
-6327
-7724
-8745
-10020
-10781
-10577
-8845
-8161
-6789
-4362
-2629
-1357
176
1993
2106
2010
2527
3141
4044
5017
6393
7367
8568
10747
14019
16653
17736
18512
17758
15300
11469
7406
1795
-4749
-10060
-13023
-14837
-17632
-18298
-17378
-17081
-18004
-17774
-16888
-17499
-19328
-20515
-20477
-21060
-21058
-20013
-17155
-13766
-10651
-6226
-1055
3777
7006
10308
12264
12135
10864
9678
7523
3808
1137
-360
-2350
-4024
-3259
-1709
-1634
-989
1227
2627
2439
3109
4321
4647
5978
8064
9760
10793
13385
15238
15238
15549
16035
15681
14612
14970
14183
11375
8902
7540
5292
2523
1589
296
-1931
-3530
-4677
-6563
-8719
-10256
-12294
-13769
-13671
-12170
-11247
-9585
-6602
-4329
-3296
-1617
497
1010
1967
2970
3710
4085
5131
6395
7051
8091
10061
13064
15459
18299
19628
19920
18180
15282
10995
5259
-727
-7322
-11677
-14330
-15947
-17914
-18581
-17666
-16896
-16290
-16341
-16007
-17014
-18655
-19523
-20095
-20745
-21072
-19021
-16352
-12994
-8395
-2501
2958
6940
9828
12499
14001
12077
9902
8301
5658
837
-1086
-1197
-3388
-4470
-2359
-125
-1299
-562
1950
2446
768
1900
4575
4662
4791
7175
9268
9577
11480
13596
13974
14799
16456
16602
14729
13941
12651
9386
7082
6261
4301
1636
1430
603
-1885
-4008
-4866
-7063
-9448
-9703
-10128
-10810
-10518
-9161
-9221
-8844
-6796
-5041
-3946
-1593
829
1400
2574
4583
5659
5514
6010
6690
7023
9197
12334
14269
15787
18063
19497
18362
16133
13701
9447
3008
-2726
-7176
-11248
-15052
-17716
-18709
-19430
-19117
-18566
-18118
-18253
-19193
-20467
-21697
-22108
-22305
-21837
-20147
-18084
-15313
-11620
-6548
-1723
2872
7341
11109
13647
14622
14695
13155
10793
7046
3101
485
-1048
-2219
-2589
-1838
-1460
-575
521
1993
2614
2938
3357
3572
4820
6462
8264
9472
10705
12454
14023
15176
15494
15691
15216
14687
14213
12819
10364
8104
6342
3320
1069
-815
-2439
-4423
-6116
-8059
-10167
-11075
-12206
-13170
-13542
-12810
-11950
-10845
-8915
-6343
-3792
-1849
-732
13
1166
2597
3923
4028
4889
5824
6552
7743
9414
12293
14733
17012
17806
18548
19386
18108
14188
9081
4184
-2670
-8040
-11027
-12837
-15656
-17877
-17382
-16723
-16495
-16240
-15785
-17142
-19093
-20262
-20680
-21314
-21541
-20721
-19034
-15458
-11463
-6264
-2
6100
9859
11961
14237
15001
14347
12368
9998
5992
2004
607
-424
-2418
-3123
-1685
-1277
-1180
363
2380
2262
1843
2603
2213
2374
4065
6809
7170
8888
12204
13836
14820
17150
18604
16650
14870
14105
12251
8897
6721
4480
1274
-904
-2036
-3674
-5520
-6543
-8131
-10670
-12201
-12300
-13351
-14223
-13168
-12300
-11661
-9633
-6033
-3620
-1355
868
2479
3368
4164
5481
5919
6658
6627
6686
7438
9327
11306
13691
16566
17067
17688
18342
17331
13866
10222
6123
-478
-6014
-8966
-10791
-14650
-17489
-17779
-17961
-18306
-18677
-17246
-17921
-19207
-20463
-21224
-21577
-21320
-20265
-19286
-16482
-13186
-8381
-3004
3231
7445
10510
13123
14277
14339
12747
11007
7281
3637
765
-630
-1454
-1690
-797
-384
531
1972
3478
3587
2939
2451
1736
1693
3096
5440
6377
7870
10315
12411
14323
16425
18161
17759
16923
16072
14337
11286
8789
6237
2867
115
-1930
-3191
-4039
-4710
-5881
-7513
-8759
-9891
-11012
-11945
-11987
-11523
-11661
-10739
-8706
-6355
-3843
-1269
-138
1159
3003
3702
4282
5127
6123
5525
5810
7030
9098
11192
13609
15765
16390
17309
17083
15228
11219
6970
2090
-4584
-9125
-11911
-14245
-17912
-18690
-18321
-18321
-17906
-16776
-15913
-17634
-18741
-20127
-20681
-21360
-20722
-19767
-17758
-13789
-9682
-3878
2260
8017
10705
12910
14857
15879
14890
12481
10216
6635
3799
1531
484
-627
-1113
-1024
-1575
-802
804
2413
2153
1853
1688
1031
1262
2970
5652
7279
9533
12188
15565
17863
19594
20698
19170
17084
14963
12605
9353
6552
3354
-212
-2834
-4198
-4781
-5564
-5935
-7026
-8451
-9538
-9608
-9959
-11010
-11031
-11475
-11179
-9958
-7648
-6130
-3768
-976
-73
1312
3232
4792
4998
5648
5509
4872
4611
5531
7008
7674
10445
12557
13799
14507
16231
15483
11079
7149
2664
-3531
-9681
-12182
-14510
-17183
-18933
-18960
-17966
-17296
-15805
-16073
-16654
-17879
-19038
-19721
-20169
-20005
-20244
-18180
-14892
-10218
-5500
1129
7278
11069
14117
16344
17858
16684
14858
11998
8306
4391
2331
1391
-1098
-1393
-1047
-234
-335
2004
4196
4462
4526
4006
3657
2741
3691
4961
6862
8525
11163
14095
16209
18252
18981
18497
16054
14160
11704
8422
5202
1286
-2274
-4641
-5866
-7319
-8024
-8177
-8321
-9199
-9961
-9701
-10419
-10859
-11389
-11874
-11982
-10831
-9031
-7582
-5157
-2365
-153
1844
4080
5562
6683
6642
7174
7773
7289
7448
8582
10985
13028
14252
15534
17201
17375
15894
13864
10605
4694
-2061
-5307
-7762
-12395
-16863
-17927
-17726
-18260
-17658
-15860
-14802
-16098
-16592
-16704
-17996
-19364
-19694
-18959
-18121
-16052
-12367
-7348
-2270
2745
6931
10198
12553
14247
15065
13950
11954
8473
4783
1648
368
-766
-1898
-2568
-1703
31
1076
2262
2986
2817
1697
935
1177
2288
3829
5430
6950
9394
12632
14774
15948
16544
16706
15623
13711
11686
8541
5155
1256
-2322
-5028
-6589
-7022
-6900
-6739
-6782
-7034
-7117
-7250
-8219
-9058
-10091
-10370
-10426
-9502
-7979
-6150
-3772
-1305
857
2856
5620
7108
8160
8598
9374
9846
8732
7905
8587
10000
11326
13116
14710
16500
17650
17229
15478
12354
6569
-47
-4988
-9046
-12807
-16890
-18863
-19742
-20298
-19791
-18329
-17120
-17823
-17933
-18232
-18953
-20180
-20659
-19915
-18986
-16813
-13911
-9395
-4030
2360
6934
9821
12297
14697
15484
13839
11795
8756
5199
1184
-314
-1031
-1982
-2247
-1140
384
1385
3812
4931
5110
4236
3755
3343
3652
5101
6456
7732
9586
13163
15618
17374
18619
18065
16012
14267
12544
9286
5858
2891
59
-2946
-4734
-5769
-6686
-6996
-6912
-7505
-8253
-8682
-8716
-9747
-11120
-11278
-11019
-10549
-8965
-7222
-5150
-2757
-467
1429
3494
5062
5947
6354
5868
5528
4496
4606
4633
5482
7640
10914
13932
15732
17979
17845
16314
13640
9683
3453
-2355
-6115
-10374
-14500
-17691
-18398
-19799
-19561
-18183
-16881
-16722
-17732
-17197
-18159
-19068
-19843
-19722
-19320
-17246
-13534
-9792
-4159
1506
7090
11002
14520
16896
17874
17193
14874
11989
7703
3939
923
-703
-2665
-2925
-1947
-402
807
2180
4183
4142
3724
2732
3081
3299
4019
5219
6191
8427
11245
13781
14852
16326
16817
16411
14626
12333
9448
5859
2247
-1555
-4266
-6414
-7351
-7929
-7721
-7954
-8081
-7995
-8199
-8453
-9449
-10134
-10475
-10609
-10818
-9676
-8588
-6978
-4659
-2078
277
2444
4237
5497
6209
6576
7535
6930
6098
5558
6878
8496
10750
13548
15874
18421
18881
18658
16812
13404
7202
1239
-3098
-7553
-11417
-15220
-16728
-18096
-18185
-17962
-17049
-16552
-17294
-17005
-17983
-18945
-20382
-20230
-20067
-19364
-17177
-13505
-8269
-2859
4140
9141
13370
15814
18021
17456
14954
12719
8710
4753
414
-428
-1280
-2013
-2320
-1072
633
1606
3799
4630
4662
3868
3990
3600
3926
5073
5619
6722
8506
11009
12317
13973
14972
14240
12537
10881
9170
5608
2623
39
-2547
-4772
-5751
-6098
-6171
-6065
-6376
-6549
-6922
-6724
-7276
-8589
-9620
-9902
-9938
-9430
-7791
-5995
-4148
-1728
443
2849
5328
6448
6189
6192
6742
5944
4922
4111
4602
6474
9583
12748
15076
17474
18827
18812
17081
13965
8714
1486
-3595
-7455
-12796
-17906
-18881
-19029
-20576
-19858
-16767
-14948
-15460
-15811
-15895
-17153
-19564
-20256
-20421
-20143
-18227
-15086
-10320
-4415
2757
8276
12788
15981
18566
18733
16836
13962
10706
6559
1778
-511
-2255
-3607
-4075
-2504
-484
1031
3280
5247
6309
4992
4035
3747
4185
4166
4087
5279
6718
9275
10866
12484
13570
13782
12569
10828
9634
6997
4286
2037
-40
-2190
-3485
-4515
-4987
-5787
-6120
-7141
-7665
-7126
-7517
-8479
-9307
-9747
-10015
-9552
-8077
-6285
-4079
-1425
1257
3484
5883
7194
7298
7045
7238
6089
5229
5768
6534
7335
9300
13348
16319
17893
19294
20185
18716
15030
10600
4284
-2458
-7808
-12046
-16504
-19363
-20340
-20389
-19921
-18536
-17078
-17136
-17503
-17787
-18810
-20312
-21188
-21026
-20954
-19181
-16204
-12178
-7150
-214
5837
9694
13644
16702
17841
16487
14574
11218
6643
2051
-416
-2135
-4114
-4291
-2867
-841
690
3417
5378
6703
6707
5572
4551
4724
5238
4928
5101
6651
9229
10748
12289
13860
14382
13028
11933
10873
8061
5541
3653
1375
-1412
-2310
-3079
-4112
-4852
-5387
-6292
-7026
-6735
-6936
-7948
-8850
-8458
-9162
-8855
-7291
-5780
-4557
-2301
-395
756
2872
3865
4549
3739
5285
6002
5364
5320
6349
8622
9956
13180
15475
17783
19079
19864
18298
14956
10771
3376
-3254
-8445
-11693
-17381
-20073
-20500
-20414
-19871
-19066
-16095
-16493
-16323
-17179
-17574
-19636
-21214
-20379
-20971
-19533
-17565
-12739
-7870
-851
5321
9595
13141
16005
18045
16333
15120
11901
8467
3506
715
-607
-2456
-2497
-1796
630
1497
4142
5857
6964
6815
6042
5090
3680
4927
4845
5454
5961
8495
10309
11158
12902
13591
12984
10745
10828
8897
6245
3373
1204
-1266
-3073
-3438
-4482
-4626
-5194
-5310
-6922
-7066
-6955
-8061
-9352
-9410
-9039
-9990
-9400
-8303
-6662
-4670
-1810
188
2439
5004
6525
7162
7370
7702
6389
6392
7057
7893
8322
10954
14727
16250
17542
19189
19446
15674
12085
7791
951
-6618
-11397
-15094
-19358
-21566
-21629
-21005
-20391
-18097
-16208
-15628
-16043
-16216
-16999
-18266
-18408
-18536
-17978
-16094
-12637
-8908
-3312
3160
8305
12242
15314
17669
16978
15858
13791
10023
4892
1219
-964
-3096
-3793
-2686
-1361
-576
1772
4095
5421
5678
5920
4963
3247
3567
3707
3725
4131
5975
7771
9096
11278
13126
13206
11987
11510
9206
6254
4100
1498
-1921
-4562
-5416
-6263
-5995
-5614
-5519
-6230
-6309
-6424
-7700
-8790
-9518
-9689
-10671
-9899
-8298
-6197
-4129
-852
1447
2625
5180
6529
7159
7443
8740
8297
7012
7458
8266
8629
10110
14181
16574
17456
18827
20772
19975
16219
12209
5909
-1282
-7451
-11059
-14720
-18220
-20310
-21019
-19923
-18413
-16821
-16321
-15834
-16310
-17667
-19148
-19421
-19307
-20352
-19383
-16617
-13042
-8381
-1684
4385
8418
12252
14921
15575
14717
13127
10139
5765
1805
-763
-2233
-3290
-2854
-1578
-875
916
3420
4923
5312
5636
4846
3063
1683
1797
1779
2298
4250
6507
9062
11792
14592
16061
16046
14894
13147
10112
7037
3894
667
-1941
-3871
-4794
-5258
-3917
-3575
-3302
-3779
-4205
-4676
-6170
-7475
-9185
-10527
-11256
-10428
-9431
-7356
-4348
-1238
1710
4154
6631
8100
9308
9435
8507
6477
5525
5502
4740
5611
7980
11365
13782
16340
18868
19902
18181
14962
10927
3901
-3178
-9039
-13307
-17840
-20821
-21283
-20571
-19166
-17100
-14646
-13518
-13500
-14131
-15553
-17424
-19190
-20179
-20032
-19092
-17023
-13342
-8232
-2362
3569
8207
11980
14308
15247
14719
12612
9346
5166
1415
-1656
-3085
-3703
-3111
-2038
74
2638
4416
5933
6845
6730
5309
4262
3197
2855
3013
3361
3967
5423
7828
10284
12454
13399
13962
13303
11691
9622
7290
4280
848
-1408
-3090
-3624
-3442
-3254
-3317
-3446
-3507
-3428
-4316
-5289
-6349
-7724
-9201
-9624
-9282
-8912
-7138
-4244
-1031
1680
4033
6440
7728
8138
7838
7062
5620
5123
4691
5099
6808
9689
12949
15283
17372
18817
19557
17211
13685
8030
1225
-5102
-10415
-14287
-18326
-20508
-21667
-20481
-18829
-17128
-15396
-14477
-14316
-15935
-17575
-19543
-20310
-21613
-21591
-19811
-16612
-11753
-5819
1482
6754
11359
14228
16519
16563
14709
12661
8818
4736
631
-455
-1706
-2457
-1634
144
2265
4101
6660
7856
8057
6613
5273
3839
2663
2221
2189
2986
3953
6631
9048
11663
13688
14395
14377
13581
12390
9741
6668
3329
458
-2634
-4328
-4607
-4439
-3884
-3809
-3710
-3911
-4236
-5400
-7045
-8744
-9880
-10961
-10766
-9561
-8069
-5918
-3011
-536
1551
4295
6287
7092
6519
6386
5551
4393
3572
3562
4451
6690
10816
14382
16762
18548
20069
19310
16312
11417
4732
-2216
-8374
-12885
-17001
-19612
-21168
-20817
-19264
-16971
-14694
-14082
-13915
-14652
-16077
-18781
-20607
-21849
-22761
-22166
-19715
-15351
-10083
-3000
4311
9718
13714
17180
19268
18388
15693
12718
8295
3137
-113
-1091
-1757
-1915
-58
2682
4553
5947
7939
8244
6727
4736
3625
2072
859
1119
1332
1859
3657
7008
9118
11537
13958
14960
14649
13437
11733
8953
5488
2214
-885
-3947
-4878
-4950
-4676
-4557
-4347
-4395
-5118
-5163
-6024
-7867
-9446
-10491
-11199
-10869
-9461
-7281
-4735
-1456
1689
4514
6626
8530
9215
7872
7457
6327
5235
4156
4787
5877
8551
12623
15348
17550
18226
19553
16953
13561
8548
1687
-5175
-11367
-14005
-18232
-20274
-21390
-19509
-18312
-16708
-13976
-13359
-13074
-14912
-16125
-19753
-20831
-22129
-22258
-20812
-18006
-12888
-8120
163
6524
11992
14790
17864
18889
16812
14046
10190
6370
1039
-821
-1897
-1936
-1771
338
3193
4372
6704
8030
8613
6565
5279
3785
1938
1089
997
1555
1859
4316
6500
9106
11285
13196
13708
12695
11905
10176
7612
4040
1343
-1594
-3583
-4072
-4081
-4463
-4455
-3863
-4014
-4679
-5467
-6133
-7965
-9385
-10403
-11264
-10944
-9620
-7692
-5551
-2354
654
3686
6197
8770
9322
8311
8702
7844
6312
5053
5996
8256
10990
14629
17152
19207
19993
19930
16992
11908
5219
-2428
-8125
-12891
-16690
-20989
-21893
-21090
-19357
-17399
-15122
-13138
-13469
-13470
-15109
-16804
-19524
-20350
-21039
-21349
-19531
-16387
-10899
-4695
2961
8316
12400
15569
18143
17289
14350
12058
7395
2304
-1161
-1449
-3245
-4247
-2373
601
2278
3851
7295
7817
6694
4783
3711
1834
1630
2422
1977
2533
4864
8079
9878
12481
14852
14829
14157
14278
12656
9276
6100
3660
239
-2349
-2857
-2713
-3183
-3306
-3042
-4279
-4278
-4257
-5681
-8221
-8900
-9369
-10672
-10244
-9055
-7419
-5309
-1974
375
2807
5583
7968
8600
7684
7965
6750
5393
5017
5211
5140
6920
10847
14467
16482
18104
18127
16938
14023
8884
2456
-4867
-9634
-13991
-18058
-20915
-21404
-20812
-19784
-17052
-15352
-14375
-14847
-15100
-17241
-19624
-21432
-22402
-22034
-20651
-17326
-13619
-7345
-944
5532
9765
13862
17530
17603
16081
13686
10833
5653
1772
-24
-1380
-2194
-1462
772
1894
3737
5357
6880
6661
6064
5094
3342
2879
3115
3132
2761
4939
7516
9621
12103
14432
15305
13992
13763
12493
9689
6855
4273
1347
-1440
-2207
-3415
-3750
-3817
-3443
-4444
-4959
-4565
-5987
-7977
-10127
-10753
-12473
-12586
-11812
-10653
-8353
-5171
-1829
199
3917
5708
7266
6876
7434
7219
5042
5152
6087
7405
7587
12117
15596
18234
19969
21527
20768
17148
12798
6409
-30
-7450
-11250
-15992
-19279
-19584
-19681
-18331
-17345
-14145
-14357
-14246
-14832
-15849
-18635
-21335
-21477
-22991
-21747
-20101
-15368
-10935
-3970
2822
7305
11585
15275
17818
14885
13712
11003
7295
2101
-227
-690
-3202
-3067
-1626
1688
1938
4770
7493
8407
7383
5870
5306
2606
2429
1794
2127
2734
5397
7731
9202
12526
14368
15645
14413
14019
12077
8827
5833
3241
80
-2569
-3089
-3605
-3540
-3695
-3418
-4786
-4904
-5154
-6611
-8565
-9553
-9764
-11320
-10467
-9239
-7571
-5005
-1186
880
3177
6489
7820
7548
6400
7427
5905
3178
2384
4046
5062
7361
12045
15234
18282
19982
21100
19264
15668
9260
937
-5034
-9670
-14619
-20364
-20854
-20153
-20454
-19310
-14895
-12320
-14037
-14411
-14915
-17071
-21051
-21832
-23021
-23973
-22735
-19188
-14269
-8126
589
6564
11224
15937
20213
19555
16993
15106
10840
4870
114
-896
-3219
-4522
-3398
-822
695
2762
6529
8050
8132
7042
6890
4719
3188
2955
2230
1992
3039
6343
7967
10768
13800
14843
14526
14073
12891
9659
7100
3933
780
-2192
-3301
-3855
-4178
-4012
-3490
-3772
-4798
-4910
-6049
-7752
-9217
-9959
-11800
-11945
-10762
-9347
-6774
-3739
-429
1629
4825
7485
8552
7048
6504
5845
3463
2524
2797
5108
7310
12127
15932
20182
22327
22691
21228
17838
12950
3944
-2522
-8493
-13237
-19545
-21773
-20312
-19744
-18450
-16034
-11766
-12558
-13458
-14475
-15690
-19234
-22007
-22734
-24144
-22496
-20215
-14900
-9856
-1632
5197
10492
15593
19552
21245
17527
15539
11896
7030
1169
-712
-1634
-4082
-3391
-358
2943
3058
5946
7855
8109
6290
5120
3922
952
923
765
828
493
3924
6497
8414
11778
14373
15127
13676
13666
11004
7760
4241
1146
-2808
-4975
-4315
-4993
-4757
-3992
-2884
-4123
-4180
-4046
-5558
-7803
-9238
-10429
-11821
-11349
-9486
-7161
-5087
-1079
2226
4700
7265
9803
8937
6984
6538
4905
3082
2553
5228
7062
10128
14590
19893
22561
22465
22388
19422
13397
5107
-1651
-8413
-14538
-20120
-22668
-22931
-22866
-20535
-17474
-13766
-12968
-12641
-12934
-13754
-17097
-21050
-22392
-23696
-23866
-22285
-16683
-11021
-4062
3459
9234
14140
18074
20456
17883
14894
11724
7285
636
-2763
-2919
-5334
-6681
-3750
969
1882
4021
7789
9096
6984
6049
6151
3078
1510
1729
1421
933
3562
7291
8982
11615
14900
15813
14785
15469
13929
9984
6441
4271
724
-3029
-3462
-3282
-3628
-3065
-1527
-2103
-2099
-1356
-2714
-6378
-8064
-9056
-11541
-11777
-9779
-7992
-6566
-2770
1465
4229
6700
9875
10221
7690
7345
